0.09541409 -0.116196 0 0
0.1116097 -0.03090344 0 0
-0.03740476 0.05390385 0 0
-0.001524654 0.01730695 0 0
0.5642133 -0.5338161 0 0
0.3035792 -0.2863361 0 0
0.1132767 -0.08129247 0 0
0.2726407 -0.135322 0 0
0.8273204 -0.7987757 0 0
0.3818258 -0.2833641 0 0
-0.2428078 0.258433 0 0
-0.1764793 0.2771942 0 0
-0.193219 0.2047496 0 0
-0.03517243 0.08764654 0 0
-0.04998783 0.1147263 0 0
0.3105151 -0.2819334 0 0
0.0802273 -0.08280185 0 0
-0.2094129 0.2308766 0 0
0.1214752 -0.1130724 0 0
0.221687 -0.1873667 0 0
-0.01567279 0.0118944 0 0
0.2338161 -0.232373 0 0
-0.4768572 0.4831889 0 0
-0.008228393 0.03795884 0 0
0.2000047 -0.1499791 0 0
-0.09441007 0.2227311 0 0
0.06915458 -0.05784954 0 0
0.04636887 -0.04102454 0 0
-0.01579598 0.02562804 0 0
0.3225965 -0.2579334 0 0
0.1869605 -0.1246387 0 0
-0.2846432 0.2541841 0 0
-0.1022701 0.1042606 0 0
0.5789565 -0.4997137 0 0
-0.1961135 0.2128042 0 0
0.2264912 -0.2177396 0 0
-0.1490949 0.1710377 0 0
-0.007540102 0.01523265 0 0
-0.4617267 0.4853897 0 0
-0.8162327 0.8154742 0 0
0.423185 -0.4302328 0 0
-0.0442905 0.06985938 0 0
0.1837643 -0.1675738 0 0
-0.07417696 0.09889813 0 0
0.6452108 -0.59235 0 0
-0.8403536 0.8808669 0 0
-0.1656396 0.2837926 0 0
-0.01195466 0.01931078 0 0
0.2151114 -0.2230711 0 0
-0.3055326 0.3114111 0 0
0.2230207 -0.1156922 0 0
0.055368 0.1264238 0 0
-0.07733807 0.0654573 0 0
0.1182356 -0.1085914 0 0
-0.2522212 0.2694119 0 0
0.1419422 -0.1290099 0 0
0.2286845 -0.2130871 0 0
-0.7337526 0.7877493 0 0
0.1895235 -0.157235 0 0
0.1821866 -0.1876255 0 0
0.1475555 -0.1148184 0 0