0.3194167 -0.03788947 -0.4338734 0.565633 -1.229032 -0.0808873 1.384298 -1.286723 -1.624544 0.4309048 -0.7707409 -0.3579493 1.536064 1.068279 1.064602 0.1472348 0.2125683 -0.1330963 -0.7968174 0.5061474 -0.763376 -0.3372893 -0.8517205 -1.116082 -0.407135 -0.03371881 -1.520367
3.229432 3.132855 -0.3843694 -0.2096502 0.148492 0.6324891 0.4807516 0.1921652 -0.926336 0.3667266 0.6201354 1.00827 -0.7047132 -1.832493 -0.09754957 -1.143924 1.788202 0.1959674 0.6436042 -0.2826193 0.7531398 0.0343109 0.06109048 -0.7155888 1.941054 0.879277 -0.201732
-0.6382045 -0.6434806 1.033149 1.637292 1.147884 -0.7888397 -0.5857786 1.202834 0.08256538 -0.8705098 -0.556922 0.3861874 -0.420913 -0.6595782 0.7022449 -0.8794892 -0.09785357 0.3205951 -0.9661764 0.7111208 0.741151 -0.8630664 1.469859 -0.08329323 -0.2610213 0.7239567 -1.931083
-1.32446 0.5537677 -0.3538356 1.235741 0.4808376 -0.1693406 0.9744663 0.4488545 1.3981 0.7342886 1.641143 -0.6225384 -0.3895104 -1.383507 -0.07677356 1.267572 -1.149576 1.20594 -2.204821 0.4466943 -0.3920448 -0.2068269 -0.7191231 1.650324 -0.1453662 -0.3705222 -0.3206396
0.6649937 -1.732093 -2.017317 1.179372 -1.254751 -1.50974 0.7396062 0.6195385 1.633261 1.808932 -0.8168282 -1.245227 0.7361069 -1.324731 -0.6841666 -1.326948 -2.468321 0.613157 1.187515 0.5110521 -0.6306324 0.09360433 0.3716528 -0.3405076 -0.9979969 1.06901 0.2135786
-0.07893335 0.9734018 -0.7874351 -0.8737268 1.14341 -0.9874775 0.2243978 -0.2826996 -0.7640282 0.9816049 0.4935872 1.183259 -1.022313 0.05227097 -0.2879466 1.120593 0.1969048 -0.7713439 -0.02485374 0.7638242 -0.9844025 0.9491881 -0.5489495 -1.291652 -0.0644697 1.056104 -0.2751396
-0.5781359 -0.14132 -1.600173 0.1162297 0.3747787 -2.502475 -0.8346307 -0.9868968 -0.5310258 0.8984251 0.9100314 2.11381 0.3969853 -0.212064 0.06631236 -1.071152 0.5131792 -0.6594536 -0.165444 -0.2567053 -1.049874 -1.377747 -0.893016 -0.196757 0.6720992 0.08521118 0.7689513
1.108655 -0.04313894 2.62102 1.093002 -0.638108 0.3245694 1.730069 0.2226881 2.111849 0.03736061 0.201527 0.5954404 0.2074191 -0.3445107 -0.1190661 0.9667935 -1.310729 -2.513658 0.6287985 0.09701593 0.08590582 0.8646461 0.552222 0.09057678 1.434164 -1.438568 1.869759
1.214267 -1.436578 -1.157012 1.269239 -0.3990222 -0.1036089 0.7184646 -1.095677 -1.010413 1.457734 -0.7702606 -0.1912216 0.443261 -0.1592918 0.5300169 -1.146069 -1.341226 1.852121 0.296267 -1.314754 -0.5114217 -0.3178893 0.07891119 -1.473611 1.312099 0.3953243 -0.2365954
-0.3342025 1.365617 0.3622181 0.2851556 2.175312 1.239268 0.7267293 -1.808481 -1.43804 -0.6711211 1.18584 -0.6589965 -0.2071192 -1.939472 -0.3921998 -1.274656 0.1939193 -0.7821541 0.6657906 -1.498657 0.5049827 0.7134998 1.100027 0.01008298 -0.8587909 0.5304405 0.3490395
-0.3319018 -0.8359462 -1.343109 -1.677719 -0.867657 0.003334532 -0.7384508 -0.582391 -1.277143 -0.413605 1.485445 -0.4169703 -0.545588 -1.123296 0.002924076 -0.1664531 0.7574079 0.1908725 -0.4819286 -0.1164424 -0.6498774 0.4364514 0.6694368 1.706419 -0.7128058 0.4185623 1.436901
0.1149957 0.7477462 0.6486543 -0.4975268 1.532294 1.123965 0.5538445 2.780193 -0.6345825 -0.8130421 1.367261 -0.994284 -1.211473 -0.0649611 0.3690656 -0.7399358 0.6440636 0.1138397 1.796764 0.6415149 -0.0100472 -0.02347367 -0.211749 0.1555957 -0.7829496 0.3001287 -0.5597004
-0.5891559 0.6641271 0.1431675 -1.793927 0.753196 -0.2938491 -0.7042828 -1.081864 0.4122955 1.370052 0.8995837 -0.04397775 0.3263625 -0.6958632 -0.9723301 -0.3676334 1.180529 -1.55476 -0.5288324 -0.9178327 1.482657 0.8961594 0.7481246 -0.6213299 1.243412 0.3073359 1.115784
1.078438 0.3255156 -0.1508684 0.6851163 -1.266555 0.5293578 -0.982595 -0.4853339 -1.632994 0.1730927 -1.163043 1.584045 -2.232806 -0.6482365 0.09713606 0.8821196 0.1995771 -1.245614 -0.1444206 0.9535788 0.604607 -1.151613 1.382161 0.8355667 -0.621363 1.0975 1.046535
1.034749 0.2470011 -0.1595464 2.605114 0.2469631 -1.95367 -0.3698785 -1.134784 -0.651687 -1.536488 0.5369785 -0.1996519 -1.073635 -0.1664959 0.6801609 -0.04194882 -0.5509029 -0.4444462 -0.9315168 -0.6793237 0.287924 -0.3667533 -1.078047 -0.07053233 -2.041491 -1.776542 0.8366402
-1.643387 -0.7490978 1.92901 -0.3923433 0.01023953 1.647987 -0.2188999 -0.3987187 0.3511727 -0.2627461 0.7417905 1.778375 0.5272695 1.129087 -0.3878449 -0.37844 1.253765 -0.2000195 -0.6278419 1.580283 1.151238 0.9999866 0.7499795 1.248582 1.338665 -1.239904 0.6393346
1.109046 -0.4745475 -1.527219 0.414239 -0.7892062 0.9847481 -0.3601051 0.03657898 0.4710704 1.444653 1.03679 -0.08083386 0.2966393 0.2342861 -2.054572 0.8072076 -0.4111796 -1.241388 -1.804614 0.672354 0.8507279 -0.2227198 -0.1975449 -1.389971 -0.8834958 0.3648587 0.07016761
-1.003988 -2.121136 -0.8629498 -1.023015 0.2412549 0.143882 1.622235 -0.4754297 1.151049 2.168245 -0.4322725 -0.8264405 1.534115 -1.614766 0.76817 -0.3436277 1.720728 -1.368215 -0.01395625 -0.2871212 1.190869 1.234486 -0.2965529 -2.061113 1.955242 0.9408242 -0.1710691
0.2215345 -0.07642326 0.281885 0.52221 0.133986 1.392167 0.4684382 -0.9903629 0.2691711 1.043646 1.938782 -0.9473994 0.8152629 1.339712 1.153788 0.1891121 0.1186915 -0.1662475 0.1177942 0.9376855 -0.07900299 -0.6135318 0.3433595 -0.3336535 0.492426 0.276356 -0.709021
-0.8128295 -0.03330273 1.428068 0.1533921 -0.4379859 0.6336244 -0.2087308 -0.7789981 -0.997069 0.4645075 -0.4181895 2.146778 -0.1559935 0.3331985 1.223776 1.217393 -1.557908 1.34879 0.008259794 -0.4609224 -0.7785344 -0.2817373 -0.7937137 1.029884 -1.670342 -0.2608769 -0.775222
1.802995 0.6609301 -1.462422 -2.044859 -0.08898237 0.3386915 0.02409607 0.8759712 0.2036653 1.144227 0.5333745 -0.2864537 0.6339769 -2.537027 0.4500068 -1.128758 0.8398185 -0.8692304 -0.9530046 -0.1984182 -0.0180499 -0.9835323 0.7224957 -0.5171332 1.220032 1.026416 2.557471
0.2680666 0.4014694 0.8485047 -3.022936 0.4200958 0.9501748 0.103656 -0.569284 -0.5677949 0.09066519 -0.09957849 -0.3721071 -1.455994 0.3784785 1.798377 0.1310302 1.065692 1.022538 0.3079788 -0.2476457 -0.1017624 -0.04426614 -0.8133837 0.4600168 -0.6182049 -0.9720127 -0.1969981
-1.986532 -2.206794 0.434632 0.7647229 -0.5322623 -0.6384146 -1.088499 -0.6087058 0.8544877 1.411411 -0.6405218 -0.7230016 -1.099522 1.428076 1.041371 3.589976 1.115722 -0.7385565 1.52111 0.741743 -0.0376665 0.552855 0.2732442 1.675266 0.9143545 1.36235 1.379501
-1.234001 -1.010813 -2.635809 0.7255389 1.486278 -0.9009672 1.512152 1.367406 -1.845019 0.9188463 -0.5888755 -1.81333 0.6630643 -1.067103 -1.875093 1.604166 0.2001706 0.4720987 -0.320697 0.2037576 -0.3984677 1.375417 0.1299668 1.174242 -2.246298 -1.440137 0.4590709
-0.8156446 0.5658524 1.264482 0.8993027 -2.000459 0.8494322 0.9260413 -0.2931561 -0.7336329 2.054539 1.028743 -1.289328 1.682188 -0.001415301 1.366943 1.156805 -0.02519909 2.598378 1.083967 -0.702046 0.1771545 -0.222528 -1.093179 -0.2474813 -0.8737173 -1.380269 -0.6514045
0.5041539 -0.02706386 -0.09435428 0.541526 0.8612494 -0.3936805 0.3057737 0.7631627 0.6795201 0.06686265 0.5877543 0.0140093 1.138878 -0.1841937 -0.3599339 0.2752551 0.8740362 0.3569645 -0.2485544 -0.4101418 0.685584 -1.002036 0.126021 -0.9163032 -0.6186978 0.3197441 -0.698223
-0.6066266 0.6708304 0.2024534 -0.5367918 -1.03289 0.5667906 -0.7373099 -0.4339806 0.5537703 1.337219 0.2490721 -0.5704071 1.051275 1.752045 0.7840816 -0.9146529 1.493467 -0.06465143 -0.3327979 0.7315533 -0.3646546 -1.326601 0.5913384 0.6641362 -0.9243242 0.3396889 1.061383
-0.3686887 -0.3576742 -0.02403474 0.3739952 2.293282 2.504753 0.4349927 1.966696 -1.215098 0.5017888 -0.2529711 0.6743142 0.5804009 -0.1832004 0.975669 -0.7070862 0.01013125 0.8890468 0.1798393 1.089757 -1.638202 -2.433324 -2.073079 0.9886416 0.7626923 1.123264 0.576828
-1.771256 -0.4959968 -0.887398 -0.2740023 -0.3763112 0.8535107 -1.613678 0.8610631 -0.07452995 -0.129541 -2.116265 1.002354 -1.000604 0.3977564 -0.2441541 1.451201 0.7214559 1.261372 0.7105004 0.3016205 -1.788345 -2.414358 -0.4561497 -0.02927607 0.3828368 -0.1161771 0.866643
0.8257193 -1.178987 -1.055307 -0.06626294 0.8586468 1.307644 -1.011783 0.008119639 -2.488854 0.9702252 0.7230673 -0.7974081 0.2097638 2.278308 0.6835824 0.2660114 0.7028193 -0.2480646 0.2384361 0.1575987 -1.523435 1.688325 -0.7169578 -1.416092 -0.6561854 -1.094891 -0.8752189
-0.1551753 -0.5970236 0.1770562 0.2186024 1.310136 -0.4856485 -0.8753768 -0.5814174 -0.3408443 -0.8112959 -0.04318705 0.4915577 0.3562031 1.660324 -0.5064512 0.08228886 -0.5614916 -0.5069582 -0.563238 0.3390035 -1.455117 -0.5172044 -0.889797 0.1826345 -0.03848629 2.10771 0.4034505
-0.6900169 0.9598794 1.382241 1.235363 1.174551 1.6085 -2.368887 -1.86286 -0.6681639 1.776196 -0.1496219 -0.9802342 1.40742 0.07715747 -0.6933174 -0.1301438 -1.383214 1.030146 0.5098388 -0.8601151 -0.4834545 2.052456 -2.106669 -1.985586 -0.7745581 1.358485 -0.704943
-0.1567431 0.6986204 1.393712 -1.303784 0.06992519 0.1276313 0.9750781 -0.5916919 -0.06325841 0.780977 -0.3714708 -0.002574894 1.461812 0.5643065 0.2440335 0.8342179 -0.2857067 1.00515 1.877018 0.228718 0.7011387 1.022502 -1.413403 -1.295262 -1.257482 -0.4006741 -0.5587145
1.135006 2.616389 0.2733274 0.4708095 0.7299763 -1.185676 1.010132 -2.052191 -0.2348779 0.6422849 0.295049 1.230229 0.6678993 -0.1041744 1.171366 -0.4418317 0.8570738 -0.9362884 -1.002253 0.3497904 0.4675619 0.08112279 -0.5976176 -0.7515935 -1.090778 0.09772798 0.3990673
1.113752 -1.141147 -2.585879 -1.084143 0.9159345 -0.3278677 0.3519548 -1.457198 2.195617 -0.1371362 0.01600855 0.07521676 -1.224869 -1.194465 -0.9751502 0.74746 1.597826 -2.001857 0.2453859 -0.6432238 0.8106758 0.5182558 0.03853988 0.5638808 1.682329 0.087395 -1.480124
0.1329782 0.5285022 -1.854697 0.864786 -0.001221215 -0.3031397 -0.05727507 -0.2073696 -0.1536649 0.6464431 -2.450021 -1.378849 0.1788266 0.4152848 -0.8192009 1.350996 -0.20276 -0.6837289 -1.076708 -0.157981 0.06645717 1.189692 -0.6740965 0.09846301 -0.4204049 0.0007742315 -0.7551008
-1.644805 1.403927 -1.101694 0.5238928 1.780361 -0.05654519 0.9691388 -0.985495 1.52741 0.147506 -1.212623 -1.191315 -1.225028 0.6657607 0.2226613 -1.772067 -0.2879905 -0.3385731 1.353972 0.4940848 0.2966409 0.6227995 1.494497 -1.035332 0.9753803 -0.9707866 -1.89869
2.402852 1.101755 0.9119793 0.1162547 -0.315849 1.57535 0.08812511 1.432452 -0.2123468 0.4801375 0.4860751 0.06157152 1.520071 -0.5215895 0.1512989 0.06570736 -0.4144549 1.928835 1.20735 -0.07961888 -0.4553439 0.4205277 1.162852 1.904018 -0.6857192 -1.421788 -2.269687
-1.048392 -0.04423518 -0.6947518 -0.2881274 0.3161043 0.2345886 -0.5760991 0.3978007 2.040227 0.2927119 1.331153 -0.7365877 -0.6063645 0.1115886 1.495029 0.965061 1.011283 -0.0911431 1.022527 0.799335 0.2868618 -0.1301507 0.1264763 0.9694606 0.9087356 -0.03125779 -1.424568
0.7402092 -1.90182 0.09083046 -0.5427475 0.3831124 0.3648393 -1.647027 -2.235812 -0.4106114 -0.3482355 0.9497487 1.385229 0.08938092 -1.119956 -0.9386662 -0.7003201 -1.080369 0.5941541 -2.067789 -0.7745317 1.579124 -0.6716037 0.4797524 0.1527669 1.172771 0.2269399 -0.5475153
-0.4937988 0.1829505 -0.05430655 0.7580547 0.05353729 1.02951 1.207018 -0.3299593 -2.736518 -0.9700912 0.3942791 -0.8814013 1.329244 1.124506 0.1006788 -0.3999377 -0.7186681 -1.145659 -0.4981445 0.2377936 0.9479254 0.6851234 0.8478944 0.1621909 -0.3730662 -0.9203687 0.1901184
0.7635898 1.211239 0.06987481 -0.7764577 0.3450454 -1.409572 -0.6670937 0.04635027 1.013548 -0.4738935 -0.4130441 -0.1248129 0.2583342 0.9027959 -0.1305542 0.3671856 -0.26133 1.234529 0.1429225 0.3414416 0.2843525 -0.05206411 -0.5998797 0.1130018 0.7828039 -0.9103684 1.678176
-0.2332097 -1.185889 0.1491624 -0.05713091 -1.599939 1.798521 0.1350401 0.368028 -0.3607035 -1.072753 -1.505983 0.5925152 -2.361295 -1.161049 -0.5198442 -1.199225 -1.588213 -1.130628 -1.644961 -1.039254 0.8270484 1.554226 0.7223607 0.3102919 -0.6806271 3.650228 -1.522952
-0.06694069 -0.2267777 0.8007429 -1.031618 -0.5905623 1.814608 -0.4278712 -0.1776385 -0.3083675 -0.5778829 0.7409624 1.253979 -1.797969 -0.4296588 0.006122963 0.903775 -0.2124818 2.181874 0.1522252 0.320697 0.2663318 -0.5809563 0.7922907 0.06355348 -0.01990936 -0.4389385 0.3522277
-0.3461364 0.6903833 1.526897 1.343587 -1.208247 0.2112883 1.811953 0.09221719 1.191479 0.2342006 -1.323559 -2.177927 0.4156838 1.167459 -1.656826 0.7193196 1.387088 0.1070047 2.02304 -0.318184 1.178747 -0.5687319 -0.4250381 1.599286 -0.198299 -0.8558909 -0.6352208
-0.7538737 -0.5059554 -1.082685 0.06861008 0.1909286 1.438187 -1.201977 0.4860872 -1.256787 2.712685 0.1173554 0.9294201 0.09233769 -0.3707249 0.799278 0.1095744 -0.6675931 -0.6527129 0.8218963 -2.005277 0.2589581 1.828868 -0.4967175 -0.315604 -0.5486472 0.4354741 0.410998
-0.5297007 -0.709929 -0.3306379 0.3152722 1.122382 0.220487 0.4347869 1.289204 -1.971714 0.8662804 0.9629768 -1.31485 -0.2300896 0.9037387 1.11589 0.936063 0.4721309 1.76603 -0.6557348 -1.571706 -2.17805 -1.510877 -0.4022546 0.09686928 -0.3401751 -0.554145 -0.1409932
-0.703604 -0.3311965 -1.23971 -0.3377517 -0.9953686 0.6288622 0.7511492 0.4712561 0.09059035 0.4712818 0.6116473 0.9090844 -1.641125 -1.733651 1.117325 0.1458526 -1.677079 0.01209492 0.1652799 0.2658328 -0.08543194 0.524426 -0.1653782 0.6897886 1.657272 0.4071984 2.558414
1.224213 0.1901232 -0.5498241 -2.450049 1.576159 0.08472348 -0.8357647 0.3556464 0.000248438 0.5004261 0.660928 -0.8935891 0.7426571 1.481036 0.1989183 0.3497652 -1.710073 -0.518283 -1.879134 0.4707598 0.1174831 0.6878266 0.9590968 -0.5100814 0.6879347 -1.740733 -0.04551065
-0.5882538 -0.2553298 -0.9329835 -0.02686917 -0.7649054 -0.2732089 -0.4162913 0.1575594 1.590389 -1.945354 -0.5686221 0.5925685 -1.445322 0.01939013 -0.4147287 1.128805 0.03265566 -0.5872572 0.6775917 -1.475726 1.322688 -0.530475 0.7587931 0.2456968 -0.2126627 -1.640386 -1.526049
-1.430208 0.1635025 -0.43066 -0.1620662 -0.6635427 0.2620199 -1.278623 -0.1064034 -0.2213455 -0.01887391 0.1651355 1.988188 0.8418604 0.03325907 1.498558 -1.756181 0.31481 -0.3708555 0.4402729 -0.2088378 -1.307116 -1.483354 0.29904 -1.42169 1.802433 -1.008632 1.119622
-0.8208037 -0.1509148 -0.6829769 0.142892 0.1495888 -0.07716562 1.258932 0.8005929 -0.9241841 1.178853 0.5340556 0.04302507 -1.597624 -1.641299 -1.965795 -0.5895135 -0.6857236 -1.009063 0.2367785 -0.2354431 -2.489012 -0.7732852 0.3163245 0.2085865 1.545072 2.146777 -0.3917489
0.5839447 0.5534576 -0.4365608 -1.151104 1.331645 -0.2507375 -2.795549 -0.04920127 0.3551842 -1.597577 -0.280312 0.0708448 -0.04966029 -0.01681809 -0.1104946 1.782069 0.3701265 0.3058392 -0.8149671 2.338096 0.8487198 0.5770971 0.4304509 1.256007 0.3792787 0.1501717 0.635269
0.8952374 0.2839971 -0.5329774 -0.5383954 1.442611 0.3565003 0.7606112 0.7284443 0.202667 0.9548958 0.2364405 -0.4268501 -1.356792 0.6381604 1.989599 -0.894337 -0.2521047 1.510598 0.8320998 1.238719 0.6726975 -0.1533065 -1.673038 -0.3002719 -0.4883576 1.65171 2.413215
-1.268279 0.08441839 -0.7492215 0.5843842 0.828654 -0.4802004 -0.5312325 1.393689 -0.5748798 0.2580115 1.541455 0.7469641 -1.413856 -0.8293339 -0.6279356 -1.073285 -2.220439 -0.1863584 1.178598 -0.2051954 1.170612 -0.1616317 0.149124 -0.900869 -0.7948168 0.7604315 -0.8658382
-0.2187054 -1.17181 0.01388185 0.3861854 -0.9773443 -0.7230685 -0.9952308 -1.084909 -0.2302731 -0.1643552 1.006105 -1.667992 1.315651 -1.189 -1.643648 0.7728551 -1.704008 -0.4722089 0.6131419 -2.004496 -0.7682507 1.213313 0.07774135 0.5908047 1.403608 1.969982 -0.07768934
0.5407457 -1.300927 -1.747081 -0.0976938 0.3876037 -0.6219083 1.026084 1.24726 -0.01983919 0.4506537 0.4914324 -0.6055313 0.3711834 1.995509 1.309718 1.124678 0.4531684 1.340801 0.469658 0.5632574 -1.61352 1.345519 0.1600537 -0.6583058 2.007958 0.5245316 -0.005153835
-1.565589 -0.06553552 0.2966357 0.8998408 2.083401 1.403086 0.5236826 -0.4406884 -0.5269415 0.9171625 -1.351689 -0.3155218 -0.3436194 0.1411373 -0.7461126 -1.077507 -0.6778956 0.3498636 -2.043188 0.3584298 -0.3901584 0.3734027 -1.590974 0.08320676 2.029832 -0.09042291 0.8596625
1.479616 1.051959 -1.291697 1.569195 0.3527405 -0.839383 1.13813 0.2837203 -1.224093 1.710925 -0.2170864 -0.2274888 -0.7750065 0.2645117 -0.9341041 -2.092718 0.6208207 -1.382155 0.1117203 0.7910424 0.5923354 0.9560954 0.5757458 -0.363067 0.5476163 0.9720277 1.864719
-0.3428219 0.07857302 0.708866 0.2443791 -0.119575 1.501654 1.157937 -0.5818368 0.8483106 0.1236305 1.457153 0.5473658 -0.2430674 -1.736632 0.1085469 -2.015537 1.274836 0.2701109 1.585757 0.12262 1.173861 0.2841594 -0.05844136 -0.4129387 0.3147052 -1.14092 -0.8128471
-1.647389 -0.8609845 -0.5121021 1.190958 -1.407026 1.576849 -0.9906675 0.9498494 -0.05619998 0.4997451 -0.5109274 1.39937 0.2677054 0.4666028 -1.906275 -0.7722066 -0.5941352 -0.1839432 0.503728 -0.969106 -1.335369 0.09107392 -0.7999173 0.9911693 0.1075555 0.2409365 0.9529439
0.165573 0.5212658 -0.2726945 1.400027 -0.1776166 1.484814 0.4262513 -1.556274 -0.008948031 -0.1700174 -0.5234496 -1.069593 0.6414414 -0.9769611 0.3298343 -0.1440997 1.146936 -0.7763939 -1.290406 1.026933 -0.2464593 1.152558 0.1413574 1.256492 0.7086909 -0.4283718 -1.018098
-1.342583 -0.1037923 1.568413 -0.9357145 3.337214 1.413904 1.190927 1.207052 0.04845033 1.313678 -0.3707545 0.9010438 0.1829272 1.595989 -0.3713346 0.1801462 0.4263972 -0.8570792 -0.2357466 0.515791 0.2851014 3.773038 -1.095006 0.3593816 1.01741 -1.033756 -2.059927
-1.54422 0.7145971 -1.348455 -0.2918018 0.1879009 1.917665 0.983759 -1.034709 -1.587127 1.310979 0.4393993 -0.960849 -0.3202251 1.505332 0.2510618 0.4814558 1.00432 -0.3709062 -1.354784 -0.4863022 0.1793935 0.2980692 0.08914686 -2.943465 -1.914369 -0.7612513 -0.2716035
0.4977247 -0.4890179 0.4891425 -1.732691 1.840579 -0.05811763 1.155676 0.9773823 0.01731344 0.7788783 -1.65377 -1.038604 -0.5093417 -0.752434 -0.2024668 -1.102369 0.2835382 0.0472886 -0.4242018 -0.5193266 -1.94541 -0.8938338 -0.1330603 0.4481186 0.9389553 -1.85451 0.6814697
2.04997 0.8022441 -0.7226111 0.2488774 1.245986 0.004339014 -0.8596388 1.215802 2.001601 0.3179678 1.524001 0.469054 -0.1763455 -0.8204349 1.253891 0.6249017 -1.034127 -0.7518163 0.4175647 -0.06053026 -0.4413693 -0.7280434 -0.3469931 -0.7677737 -0.6258827 -0.3118715 2.268397
-0.4346352 -0.07999541 0.5301638 0.8082774 1.172643 -0.216651 -0.4015056 0.7970151 -0.6713672 -0.9450236 1.900375 -0.9749309 1.035166 -1.437777 1.862083 -0.4440149 0.1227948 -1.519262 -0.3673421 1.291082 0.6867814 -1.398311 0.4753408 0.1692258 0.4736605 2.142898 -0.03762325
-0.07612595 1.145639 1.24802 -0.5183938 -1.733737 -1.055806 -1.087219 0.628575 1.377256 0.1042653 -0.3158537 0.1909929 -2.364259 -0.6464183 0.5594828 1.438918 0.2724834 0.4809905 1.597867 -0.2262969 -0.9984127 0.8698064 0.3750129 0.01906771 -0.6211189 -2.267904 -0.6114292
-1.020565 -0.1416914 -0.1297709 -0.9803092 1.554105 0.1243659 1.226959 -0.5509439 -1.409538 1.147066 1.269718 1.537991 -0.7562386 1.264884 0.8306682 0.449524 -1.041459 -0.05921439 -0.9222698 0.2536679 -0.3202429 -0.2702873 1.525701 1.457432 -0.3790951 -0.3642779 1.698126
-0.9092085 -1.698251 -0.9119079 -0.6172467 0.9610247 -0.2545952 0.05056497 0.114103 1.621041 1.082827 -1.374207 1.414091 -0.2672744 1.457182 -0.09788633 1.75681 0.3084285 -0.1537831 0.4345064 -0.5043859 0.8292203 -0.07055984 -0.1000313 -1.183389 -1.498008 -0.6346423 1.102732
-1.009064 -1.186082 0.6806143 3.096714 -0.8250702 -1.528593 2.371753 0.08256197 -0.4745322 0.7745375 0.849947 1.123887 1.002228 0.4005859 -0.05468075 -1.21784 -0.8403972 1.649822 -1.04853 0.3740266 -0.1906893 1.291029 0.08448347 2.570149 -0.5178806 -0.4940336 0.6949701
-0.3460768 -0.1459406 -1.689408 -0.8022274 -0.3088866 -0.5828034 1.930488 0.2028823 0.04057951 0.1185888 -1.790305 -3.115199 -1.126468 0.6544261 1.185072 0.7652365 -0.9761054 -0.8182175 0.02231422 0.7009322 -1.070103 0.4899524 -0.6722094 1.040504 3.081302 -0.4974078 -0.5100007
0.9206314 0.5582053 -1.436266 -0.5338097 -0.07396088 0.8645864 -0.6097722 -0.4931703 -0.6923326 -0.284876 1.130121 -0.3894952 0.05768287 -1.196838 -0.9241312 -1.102015 -1.876403 0.1727626 -0.10938 -0.3326619 0.1325552 -0.8442696 -0.4627125 -0.2437933 0.1349233 0.9711594 1.141019
-1.174615 -1.3748 1.129299 -0.2015817 0.4147067 -1.810484 -0.2554404 -0.5442579 1.158815 -0.9884226 -0.6597311 -0.08887206 0.6144492 0.4405138 0.9540896 -0.3890733 -0.6305727 1.138091 -0.5749405 -1.176368 -0.4297521 -1.65867 -1.2946 0.05321643 1.570508 1.484456 -0.3327008
2.792741 -1.444507 -1.984124 0.5879482 0.6340967 -1.330276 1.86842 -0.9783296 -1.57988 -0.7704274 0.7506928 0.8404993 0.9113903 -0.09211655 0.5287079 0.2215909 0.01459687 0.5412665 -0.7097529 -1.008932 -1.065329 -2.179857 -1.163832 0.1409727 -0.2099411 -0.0264852 -0.008948252
-0.5418483 0.4410348 1.33731 0.8275666 1.326384 -0.9764035 0.4334891 -0.9265182 -0.7046079 0.179188 -1.834188 -0.7903912 0.3002746 -0.409227 0.06791362 0.6771278 0.4064047 -0.6472456 0.6470362 -0.8872716 1.094527 -0.6499781 0.6223422 -0.6571177 -0.5814534 0.7225985 -0.9171825
0.5487926 -2.236215 0.1316342 0.5898416 -1.388052 1.222304 -0.4916188 0.3595511 0.5615182 -0.04469324 -1.58225 -3.745292 1.043628 -0.4904191 2.235105 0.5952588 -0.3460897 1.10332 -1.151538 0.09461822 0.6388039 -1.778386 -0.7729636 -0.4058093 0.7213647 -0.9487952 0.6999989
-0.4991727 -0.1620527 -0.2750449 1.265784 -0.151011 0.1410302 0.2346879 -0.1195472 -1.172581 -0.7939026 1.149784 0.1058616 -0.5339804 -0.5572745 0.07261522 0.8368513 -0.523136 -0.8001084 0.8395091 0.7805712 -2.048334 0.3394345 1.495982 -1.185071 -0.292664 0.9704038 0.8140436
0.1606517 0.04976228 -0.3515689 0.5247139 1.391876 0.7423851 0.178124 0.3479129 0.100836 -0.3689835 1.398329 -0.08020426 -1.249975 -0.0182994 -0.08719292 1.628539 0.5546665 1.787745 -0.8905527 -0.8800238 -0.4898011 0.1130915 -0.04707466 1.429136 0.3719518 -0.07484821 -1.198558
-0.03668932 -1.817705 -0.3951788 0.03035223 -0.2928773 0.4844782 -0.97099 0.3823195 0.4036549 0.03898074 0.0598975 0.889161 0.01239178 0.1461241 -0.3027733 0.07381801 0.5119353 -1.320958 -0.8400811 0.2115918 -0.4646935 -0.7029397 0.1919824 1.448809 -0.318747 -1.423484 0.2575093
-1.080495 -1.25118 0.6909666 0.5401798 0.06777247 1.212306 -0.5939924 0.5567883 -0.8817287 0.7843587 -1.034302 -0.9249257 -0.5336116 0.4983072 -0.9450584 -0.4883942 0.432115 0.3513391 -0.4721249 0.9517 -0.6310279 -0.443812 -0.4786334 1.239825 1.444291 -2.397432 -1.329058
-0.9183384 -1.161687 0.7656337 -0.3115826 0.4571332 0.7273227 -0.9044449 -1.631055 -0.1044638 1.347951 -0.3351864 0.183973 0.9804608 -1.180603 -1.728652 -0.7573964 0.8126954 -0.3472458 0.3971763 -1.305494 -0.03926879 0.3133079 -0.1057541 0.6280073 0.1344393 0.3492597 0.2996449
1.753777 0.7924004 3.155728 -0.02217335 0.7384076 1.011291 0.5658518 0.1160366 -1.075748 -0.9586212 -0.484975 -0.7326878 -2.506116 0.7756516 1.045688 -0.7585456 0.2449535 0.6518321 0.3795132 -1.747838 0.2528714 -1.268332 0.1836553 0.1977602 -0.8299336 -1.590419 1.08767
3.514414 -0.2187555 -0.100297 2.177797 -0.5197869 -0.7583273 -0.504058 0.2594047 -1.313962 1.189689 0.5143713 -0.004254434 1.52758 -0.4221779 0.5071931 -0.1842971 -1.025203 -0.4978262 -0.07103986 -1.417918 -0.5735604 0.6164632 -0.3990188 1.310821 -0.9796696 -0.498125 0.604669
0.1184106 -1.433091 -0.008987202 0.07183456 1.164053 0.5970405 -1.124008 0.4775425 -0.1605635 -1.792419 1.40846 -0.6688597 1.479624 -1.60132 0.5795858 -1.507019 -1.293718 0.5730011 -0.4601458 -0.9011337 1.016139 2.586127 0.9106497 1.238135 0.1598324 0.6375681 0.798461
-0.3649026 0.7861778 -2.554141 -0.2720532 -1.267572 1.576406 0.6190586 1.23383 -0.287916 -0.2797709 0.9306033 0.9126936 -0.8894609 -2.284975 -0.3025539 -0.05288308 0.03189665 1.694618 -0.9959799 -0.03742862 -0.2477639 -2.113387 -2.239158 1.349892 -0.3226864 -0.042758 0.4207407
2.472434 -0.2569735 -0.8518412 0.9528893 0.690088 -0.6316314 0.1892511 -0.6553621 -0.7303571 -0.2721852 0.04776978 0.8663736 0.242241 0.2217282 -0.232598 -2.449345 -0.2871334 -0.9280043 -1.075983 1.011247 1.394925 0.7553567 1.19303 -1.27099 0.8895839 0.1876909 -0.5712669
-2.153415 2.205124 -0.349463 0.7187735 -0.8719995 0.6442527 0.2471828 -0.01490805 -1.760207 -1.467555 -0.2887716 -0.4950219 -2.594099 -1.037795 0.664249 -1.409365 0.179295 -0.7524333 0.298344 -0.4377365 -0.22356 0.04175695 0.4252523 -0.4090323 1.255086 -1.203785 -0.4765515
0.2211416 -1.48744 -1.506748 2.029673 1.023837 -2.321094 -0.7338174 0.8400269 -0.7625376 0.7613373 0.5392547 0.9790357 -0.1305916 0.5950872 -1.099045 0.09671204 0.7025337 -0.09386715 0.6461199 1.680365 0.4195522 -0.7004052 0.6901539 0.9120011 0.885104 -0.6376617 1.350742
-0.6489436 -0.8184614 -0.2626602 1.34953 -1.913328 -0.5468006 0.2475622 1.453283 -0.2951395 0.7365146 1.523011 0.06199918 0.8853012 -1.23588 -2.116267 0.1659897 -0.0005421494 -0.8978862 -1.667533 -0.8885803 0.7396216 -0.1209169 -0.7224343 -0.5275532 0.273849 -0.7332962 -1.541223
-0.4529044 0.9029815 1.918895 -0.4062917 0.6314955 0.09837252 -2.060928 0.08989794 -1.074847 -0.3510832 -0.6613812 1.470741 -0.4309723 -1.365893 0.4897316 -0.6825979 0.809734 0.4973524 -0.36403 0.4858412 -0.7841806 -0.4232935 0.02431904 0.9448801 -1.27411 -0.2665363 -1.444228
-0.4356871 0.1547766 -0.2089716 -0.9402383 -1.374938 0.7014086 0.713363 0.4590364 -0.1787191 0.1471535 -0.5302879 2.327056 1.008443 -0.5162331 0.104295 1.8704 0.1529669 0.2738913 0.0428177 -2.071647 0.6855014 -0.1704728 -0.509489 0.003911588 0.1165132 0.270711 -0.7554388
-0.3323145 -0.3770808 -2.247914 -2.05817 -0.2439652 -0.4713829 0.7277948 0.3037359 -0.2560852 0.7441689 0.3270748 0.4529046 -0.3660904 0.484951 -0.4160269 -0.5054498 -0.6603062 1.068545 -0.5383428 1.616638 0.4959849 0.8270352 -0.3846725 1.136922 0.3662167 0.3642048 0.6240841
0.6688678 0.0778918 -0.9229588 0.8161482 3.097192 -0.3659089 -1.074944 2.558619 0.6578072 -0.2948382 1.083362 0.6518957 -1.499621 0.9980509 -1.587947 1.060334 -0.2578445 -0.9371026 0.1766728 -0.421898 -0.4184738 -0.5478652 -1.369097 -1.885734 -1.207399 1.368631 -1.095783
0.3754494 1.364221 1.811638 -1.209724 0.1805123 0.3378744 2.85923 -0.1377374 1.627412 1.179642 0.2869312 -0.387062 -0.1897854 -0.5629846 1.769068 -1.273398 0.129521 0.5534608 1.106597 -0.3653133 2.014857 -1.175515 0.7227238 1.926849 -0.4637946 0.8750996 2.700901
1.31084 0.6340139 0.1180817 -0.1480861 -0.07936407 0.1303477 0.8458268 1.05741 0.9260425 3.094873 -0.7781226 0.8551452 -0.4080095 0.04243825 -0.02873992 0.366576 0.7108277 -1.549008 1.739987 1.268049 0.7596383 0.9980546 -0.2252408 -1.047102 1.138744 0.02267229 -0.1553324
0.03603403 -0.9017995 0.118982 -2.209683 1.087114 0.06501323 0.5652989 -0.1662326 0.8086636 -0.1915223 -0.5007992 -0.9620315 -0.1274402 -1.340677 -1.396238 1.052822 -1.328852 1.681274 1.687387 0.06498334 0.2968639 1.615496 -0.9977445 -0.407968 -1.500141 0.8873984 0.1175153
-1.651302 0.7233435 -1.509122 3.337578 -0.3733602 1.387494 -0.3049833 -1.255161 0.6740593 1.813211 0.5173811 -0.3173624 1.402427 -1.252798 -0.136605 -0.3380523 0.00360512 -0.6318341 0.313102 -0.7988444 1.17206 -0.6670342 -0.4578082 -0.1377657 -0.3344483 0.4822398 1.202549
0.4588291 0.1709445 1.294457 0.03491878 0.8855762 1.660511 1.158019 0.02723689 -1.299463 -1.629477 -0.9112229 -0.7231554 -0.55244 -0.7376457 2.082799 -0.1254648 0.5894905 0.113622 -1.485445 -1.157857 0.7940166 -0.09150925 -0.3356077 -0.9006821 -0.8061919 -0.06509281 0.8949897
-0.5296907 -0.3799393 -1.417257 0.05111204 0.4195557 0.6343287 -0.3018944 0.1980447 1.399176 0.3531805 1.225889 0.2301475 0.5669728 0.4745186 0.6296972 -0.2838962 -0.4964582 -0.911411 -0.648922 0.3047991 1.370325 -1.678836 0.5835768 -0.8778075 1.920722 -2.386413 -0.4736446
0.8139699 0.8647644 -1.791857 -0.01621088 1.094881 1.145117 -1.668808 1.49358 -0.5990236 1.342798 -0.6750828 -0.4814502 0.3019997 -0.5997508 -0.6127493 1.187198 0.7176757 0.9167224 -2.346638 1.428613 -0.02302913 -1.320942 -0.6115911 1.38438 0.616818 1.387543 0.3961837